/: 0.0/1.0 0.0  ; 
articles: 172.0/231.0 74.45887445887446  ; 
contacts: 10.0/24.0 41.666666666666664  ; 
corporate: 322.0/402.0 80.09950248756219  ; 
enron_t_s: 84.0/176.0 47.72727272727273  ; 
enron_travel_club: 9.0/21.0 42.857142857142854  ; 
hea_nesa: 80.0/88.0 90.9090909090909  ; 
kim_s_files: 2.0/6.0 33.333333333333336  ; 
personal: 101.0/190.0 53.1578947368421  ; 
publications: 37.0/51.0 72.54901960784314  ; 
systems: 71.0/126.0 56.34920634920635  ; 
training: 1.0/15.0 6.666666666666667  ; 
tw_commercial_group: 1028.0/1149.0 89.46910356832028  ; 
