bankruptcy: 7.0/23.0 30.434782608695652  ; 
bids___offers: 0.0/5.0 0.0  ; 
calendar: 0.0/14.0 0.0  ; 
ces: 84.0/137.0 61.31386861313869  ; 
cleburne_plant____cornhusker_: 104.0/148.0 70.27027027027027  ; 
contracts: 2.0/18.0 11.11111111111111  ; 
enron_news: 62.0/134.0 46.26865671641791  ; 
entex: 57.0/101.0 56.43564356435643  ; 
eol: 1.0/13.0 7.6923076923076925  ; 
first_delivery: 0.0/10.0 0.0  ; 
frontera: 1.0/10.0 10.0  ; 
industrials: 122.0/235.0 51.91489361702128  ; 
logistics: 994.0/1177.0 84.45199660152932  ; 
pan_energy_swap: 120.0/164.0 73.17073170731707  ; 
performance: 0.0/10.0 0.0  ; 
personal: 236.0/320.0 73.75  ; 
pipelines: 0.0/12.0 0.0  ; 
resumes: 3.0/26.0 11.538461538461538  ; 
sitara: 2.0/20.0 10.0  ; 
term_proposals: 0.0/17.0 0.0  ; 
transport: 0.0/6.0 0.0  ; 
tufco: 563.0/609.0 92.44663382594418  ; 
unify: 12.0/37.0 32.432432432432435  ; 
waha: 0.0/7.0 0.0  ; 
wellhead: 211.0/337.0 62.611275964391695  ; 
